16498
1535
5114
30276
11757
31964
22319
20
11061
38000
32281
25777
9253
33486
19815
1735
1575
4224
20507
28851
23273
31240
6547
35760
36456
21
10620
22199
23755
31043
21881
38524
9919
24833
32182
30831
20583
40748
37779
269
22535
1
199
6702
27899
2904
18679
28223
30
11111
33352
28171
3588
13601
9989
2001
40028
38408
37450
38691
35849
28999
34134
226
14719
121
37999
15809
10087
8074
28121
29803
34572
2167
30503
32937
6746
35790
5081
11617
14813
34933
28891
14741
30654
12189
37510
26243
9756
13759
6880
37430
10793
7054
31478
34599
431
205
813
164
4181
33206
4898
18897
11771
37521
18153
38671
17265
23283
32935
32282
853
20899
11741
34577
40591
36511
37520
40456
14227
5680
20785
918
22297
35120
14513
23847
37349
523
39587
31933
26055
223
15583
42897
30015
17895
33255
30240
36474
22043
356
39535
2025
889
35507
35788
849
16592
20787
1689
23289
35073
2251
19
27775
15451
41587
30296
777
37991
6045
42249
21995
35968
14345
10165
39617
32995
32
38826
35062
24439
32615
11887
18115
33674
28701
40852
1195
25157
16782
30484
38101
16894
10719
25013
38883
2966
34566
4654
36098
457
934
47778
12355
11843
40839
18507
40221
48583
227
33487
10408
2236
37675
24703
28623
245
47
13125
32729
28907
39195
41353
249
30694
37799
29786
14467
28677
39551
32867
28927
36649
11597
32542
37347
11759
33506
30307
18671
31798
24415
6
31859
270
1210
1482
37086
32901
42203
8769
31765
38680
31722
11633
34902
2993
36896
36949
339
27787
28825
7791
38040
1818
32951
37105
41025
32998
39597
37982
17074
39701
2476
37210
1887
40776
23233
32949
22789
31646
6347
23281
16742
392
22147
14289
30544
8841
28297
9041
18277
43299
34618
30123
8525
39547
42361
3455
23277
34280
37141
7674
790
48926
28497
578
225
33489
527
23321
38329
14713
7311
3457
19163
14075
16067
11499
40956
34542
35994
6213
43
17729
40496
437
9513
7724
877
15315
36475
41389
11577
45576
31580
36882
7593
5630
33
2034
34612
28977
1604
6707
136
6594
25183
39783
355
16870
25397
15689
27631
120
35860
14749
39940
8425
38659
14967
31637
31339
4382
40052
512
22729
5681
4081
2759
31442
2890
263
7088
38003
36407
1840
48736
11013
34822
41487
31404
9260
39534
3784
9969
40938
40540
71
32105
1943
10110
1519
8675
35203
10162
5341
34403
59
45
36563
34382
23199
16011
39565
39533
1889
5958
8861
38656
40454
41457
25781
40750
36296
34561
34881
35839
31181
14833
31741
35972
37976
1691
8937
34662
34281
34497
15225
23673
21603
38668
39247
513
3712
15051
10800
237
33731
28755
40902
25835
13659
34798
36038
31636
5530
6956
9656
24765
27989
32093
37987
38790
10863
18397
10161
40010
42923
31758
39463
31953
32899
232
21855
32887
6573
4214
37171
31737
7785
31757
2593
11319
17549
35557
12549
25159
40356
25537
22265
19221
28025
48556
13161
33988
34451
21843
38483
4063
16417
28805
552
3785
29095
38186
467
12445
10080
7817
27831
20031
22145
32686
20541
10790
18247
40417
24405
6114
38555
46095
12293
39017
323
34934
11433
21405
150
481
20853
8516
41226
16049
8630
49926
32380
30749
30363
27833
35851
28249
35180
4752
33502
48483
35247
47790
8676
39196
15037
3470
8795
12531
38472
154
22135
13663
530
40935
11981
6033
22877
11285
25681
41120
1292
33926
5
857
16762
21647
33475
31338
11785
7647
10030
384
228
572
19369
32262
37345
39026
41433
6675
35466
2605
10490
26349
37984
10495
20057
12413
24455
16706
31173
32189
34626
30727
41491
21431
16524
36633
268
32379
46352
17513
33049
15379
36862
430
5682
9289
3002
24
34240
12365
235
40834
2104
48661
202
44961
10396
11703
9181
36946
32827
27991
30911
48561
57
37475
39741
2418
20767
17247
38759
9367
6500
185
41168
5042
40571
42938
36028
34443
66
13667
2787
14349
41623
40060
585
1698
12291
27655
7711
44511
9617
21085
35413
38572
30016
28725
21327
31704
40911
4059
27821
861
20021
1726
31764
37435
34636
37497
36793
35838
40046
9379
40908
38397
101
20689
33028
9515
24133
31163
10163
3786
48580
22663
72
10721
43608
38753
39792
15417
820
32828
31772
18677
43692
1559
8086
4975
15085
40497
22101
14199
6211
41456
46471
2246
11933
10213
41899
8407
37786
34437
13655
486
16662
40716
35222
15039
21939
14131
39710
33253
38993
33743
16918
35639
31952
34279
6205
79
40586
28735
2472
39326
12467
35076
34096
37095
28819
442
3731
7769
40530
35946
35847
9936
33050
12477
37744
36106
29758
40056
9062
44
12729
39198
1530
21863
68
37965
34984
4901
36286
6811
31845
38992
32902
170
36726
48569
1686
7592
19429
32648
14829
36470
11737
189
6512
4722
37517
6351
41619
31229
21557
73
25099
43969
39575
759
10521
10588
387
16
21339
5060
16001
7338
20047
31376
2924
41488
18753
31658
40004
5258
35712
16904
29785
40787
38573
19111
40904
3092
528
21105
24701
30885
34914
19769
4437
35848
38610
20847
28979
25283
3503
28675
10067
34176
40262
41710
597
11761
43523
10379
35928
31
38080
39491
10568
12859
5300
35376
25879
38084
42351
210
6682
6324
4725
18245
39586
6773
38778
239
329
12175
41345
8424
40507
41006
32188
21561
30346
5277
30458
36023
46102
35608
11665
2889
31374
21877
34104
14353
39292
32268
3782
37055
23317
8246
1222
44203
4282
30736
37569
36432
18689
43690
13535
26
1571
42205
550
41930
19775
21273
8460
177
60
36027
28617
41380
14397
5040
2026
39523
22687
19647
40595
8129
6747
33161
39468
801
18179
936
5356
20159
4835
9863
1313
31904
4155
3783
29093
34944
31414
16009
9941
33836
10589
15335
30205
416
29854
40594
32438
21511
18139
39576
2129
6201
4896
317
38414
43007
34012
16934
48761
2581
2923
34712
16035
6922
37451
9926
5525
44037
1827
7193
31251
36266
433
145
18119
31405
4186
21033
7148
31988
30187
39988
4280
38480
10218
35330
33047
3702
38297
13367
12049
41109
41402
4999
23309
16201
31716
4565
12967
482
31245
48753
36999
64
36220
38481
21507
9760
12115
40357
13357
322
16664
5205
14837
24231
37614
10321
31297
440
37208
21659
8247
48849
2144
35363
38816
10711
16353
11979
41694
5909
6166
357
35240
32962
35484
2994
38793
34498
8557
11977
376
12113
38830
874
11179
5781
41103
29067
6325
34321
23623
37202
25731
41468
5231
3652
10020
37348
19685
10012
10155
61
2926
17641
11701
24655
39324
134
18229
10357
174
4087
35079
32370
5204
8142
32979
33478
35459
12431
186
33286
19315
31629
38249
44276
18095
33421
67
1690
1699
27
267
37993
30347
16732
1117
13331
48
39539
38474
10460
36838
42192
9135
35905
23251
3167
19703
48413
41094
13599
7059
10271
12031
40542
32360
10456
3342
39030
37403
12403
13469
8888
469
10578
1254
13271
42963
3901
34019
1564
4814
35843
15605
5940
15699
8277
15
35262
22865
31812
33095
1639
24991
41946
34825
37972
36548
240
32900
42282
40174
43325
33433
40421
38145
5030
22
30778
10029
195
32013
11553
1536
32526
9330
34964
40483
31559
40708
14811
10079
1281
2963
38787
31490
97
21353
5667
34591
1118
1723
44942
32983
34103
8408
37446
6372
31553
16512
15227
22777
19489
3667
12883
3655
31174
22961
31710
36516
6895
23079
23421
9982
16668
37491
33929
4789
36704
17777
23333
3958
44074
38594
40397
28621
38349
5678
6007
32801
40729
37989
93
1033
28387
17909
18001
37956
33581
39063
11235
856
9074
43609
169
24227
18195
330
47257
12679
43439
543
5355
10049
42916
25389
34055
40436
13333
395
1594
23327
20457
6802
19951
36864
36904
18
4981
1562
721
846
50
37393
570
4107
32603
39790
34086
468
477
90
25015
24705
38924
20509
38909
257
34480
32407
11123
6862
33003
10397
37396
4744
33337
6421
29589
37259
24873
187
16157
256
1132
36049
10278
901
30300
48414
33094
26443
27829
36885
7472
20709
30709
33654
18893
19291
4548
26441
10798
42544
39175
34383
11241
38328
22273
182
40620
17741
740
5177
400
28391
63
35889
46093
25519
1119
8915
3927
3572
138
42340
33071
6637
21185
40815
32681
15565
47159
2596
25429
34494
39456
42627
6030
23311
49114
16005
241
9736
38256
17831
48895
20973
687
42625
33834
2164
19363
34102
147
21563
29974
35241
34051
32485
36754
3701
2404
149
14751
18857
41312
36124
4182
38959
157
905
16528
42603
15687
14527
9331
7590
24151
532
37806
13807
32494
35756
31821
50265
38889
153
3091
44200
4177
31680
139
534
43814
898
855
34620
15117
10418
41812
32245
3467
1829
39555
36817
32271
37597
27525
10073
10209
1565
28285
9790
19151
27633
34262
5507
15197
9750
114
38234
7662
11266
2952
4472
25
11837
135
17827
4106
19285
160
40515
19365
15119
3972
26351
24277
36873
12893
3228
21329
49930
34213
39071
30385
37525
31630
42826
30485
166
24031
13851
5690
41084
896
41461
28405
32924
30230
31098
33012
11743
42590
20431
33010
1029
10119
36653
617
9471
9366
24997
8426
36316
33051
15059
5112
22097
25303
22547
30370
885
32673
4884
21743
34136
37426
18393
903
4477
7465
32215
10897
18497
29787
27601
33191
50172
967
762
35828
23385
10033
32696
9136
37379
36936
137
40059
34414
4581
4551
38699
47161
906
30383
36903
46985
5079
132
9479
31592
36632
32491
5941
264
8476
29976
80
29317
6444
369
3297
10794
28957
899
39570
9734
40532
30279
133
39199
22507
250
3230
969
22835
243
48614
18661
48471
33018
34392
31327
25517
37926
24893
31706
16397
35249
8536
29027
4720
25649
40615
15751
35677
28619
3229
165
37033
949
894
38735
11079
2216
479
28833
6987
34350
31914
98
390
40623
4192
33203
33377
900
16890
904
27891
123
13939
34300
36652
14027
743
248
710
25687
32668
834
11751
35338
37447
15613
1120
40974
30127
33354
8934
41265
902
935
20931
49721
40746
40128
897
6793
50631
31537
49918
372
12711
32948
23777
37722
6954
8479
2961
1239
14407
35821
34544
12461
14921
44881
38940
2403
7
14765
16355
1526
37823
198
30091
34126
2002
12029
53
21681
30806
15199
40907
37920
39705
459
12565
37007
251
287
9981
31318
40392
7858
272
14807
18441
34973
23775
36792
1606
34537
1122
12231
24211
32032
13055
32083
41911
45572
37449
23209
666
895
405
288
1430
2131
31109
32936
6127
31588
36317
379
10447
2847
996
122
15437
1462
48553
10805
65
1142
30901
38619
6377
7627
38935
14753
2154
47160
40870
28069
15911
37932
94
1498
17389
35983
32698
27957
11783
33985
39607
36039
6171
6974
102
16866
32981
40936
32607
33036
5342
5262
31500
3713
31389
1965
48417
76
32365
41392
33948
5118
44516
19383
450
1088
16774
15109
19021
985
587
21177
19117
1722
9776
33513
32977
32086
40960
40359
31715
40679
16916
5150
37985
15201
4970
32595
26165
2494
3087
36043
37078
2159
2156
1579
39808
452
246
18617
28883
1566
44055
13411
7058
451
325
193
658
33263
37377
3299
15377
74
627
37579
986
13391
45055
522
371
39486
1004
48548
12471
35145
265
48406
1250
34034
1412
6164
30014
529
34152
8768
37986
1030
39355
24687
44931
5039
36906
10378
28
2685
35078
11021
41467
9834
31051
3974
37515
10298
10681
167
9107
37585
18295
6336
957
37440
12783
5365
31771
4719
14293
22433
1121
47164
5764
32094
31931
5671
24627
488
37514
1546
33091
26213
30206
35434
39569
21845
15775
32553
32071
16099
13403
2927
10611
8876
31711
3358
11077
37522
36214
34438
37492
462
30321
12815
3420
449
584
35842
487
30895
45613
2986
567
15771
18767
31430
27663
25867
40685
6774
36510
12979
34541
38192
9587
1050
28817
196
42395
4672
28423
17505
14669
594
974
17535
30415
34525
8449
7588
31147
10647
47250
464
39469
9922
338
11739
38476
48997
20449
190
31452
24075
14175
37716
34100
9065
6772
1860
6574
17082
30714
21437
1589
48488
10491
306
48239
35015
21797
38450
6572
48585
16444
859
33417
39799
43756
40730
33605
4026
35500
40416
40752
31326
34440
460
3407
6381
634
16694
9314
20555
29755
180
761
42250
30711
14515
35806
30782
30740
36688
15879
2508
42670
401
33573
38843
12487
37021
37981
5420
168
427
37994
27727
5962
48707
3366
41514
2201
41783
8857
49458
10572
25161
6178
37719
27441
2116
36616
33524
38161
13585
36902
35823
31380
28221
156
33023
42962
32175
37442
40453
31456
24629
32930
33080
21473
49605
3594
32108
33089
39651
10156
28625
37621
39388
48492
33589
8740
24037
36884
565
37441
1074
2130
34658
21653
35540
2402
30991
412
31378
845
23269
1303
37979
10389
29101
19759
732
14189
32366
6586
1956
44940
58
37498
5034
36245
62
38731
11135
2899
35589
8577
18041
22123
32323
31433
20651
36828
1852
40513
478
30365
38853
2248
34501
962
35382
10294
81
26123
411
30364
10851
2795
34580
10216
31138
14355
31080
40858
4726
461
343
873
665
521
1002
38814
31804
2397
49709
36962
696
966
32023
875
34161
591
8917
7079
4535
23587
1709
31783
28013
31234
40550
37998
21039
35503
31483
54
23945
38938
40269
10507
36480
10686
3225
10372
35427
10465
19671
601
516
1293
35868
28791
34277
1365
1894
1015
16385
20939
22839
1361
11697
3001
463
36144
1140
7082
8100
6023
9130
6610
3613
33142
953
35198
40529
12317
34547
1816
10464
38198
19319
15195
32608
32551
33241
6203
5391
1454
1470
987
23225
42091
10015
50197
38062
12685
49233
42072
908
16518
9000
11227
940
5734
8063
109
10152
31763
586
558
770
731
11113
6634
33222
10083
143
28771
34148
209
39806
514
535
17121
5028
40485
23121
4918
8310
24543
12079
31223
16700
34565
7661
36990
298
21677
8634
5835
7695
31091
34855
38085
21809
34465
4151
36934
35110
6408
2985
14283
6864
37221
408
32664
5162
1842
34439
393
779
38422
37885
9047
4866
37407
32863
551
19855
850
40215
35220
85
9201
41762
33771
23237
880
465
39221
6945
48804
34428
368
2594
15487
96
10937
35333
31149
9712
27783
413
33248
30191
49877
208
389
35111
33338
1568
43697
1453
4872
35237
1669
77
27947
793
144
31848
40351
40682
49387
238
15125
40074
1023
36923
158
19511
15323
14893
9675
45560
1815
907
4196
4134
21879
32483
37651
20371
8514
435
3226
42307
22673
37952
3603
502
22429
23701
3841
23383
6758
1569
41833
6676
320
37576
207
48375
44069
8311
13709
326
18055
4015
36943
4938
531
9624
21667
1486
5593
2369
2107
781
33558
23441
31564
100
14093
12149
713
5337
21167
17187
16868
1719
36538
7017
8440
276
34076
490
30795
4879
104
37964
2158
50307
40333
146
10638
35298
37436
34177
3231
40906
1251
36318
28063
7655
36525
10076
9252
31756
25859
41567
40165
36587
7337
6288
34009
31790
3656
6884
8726
3848
46431
49738
780
40879
10779
489
50360
1364
16273
7902
517
11371
36094
33783
9465
43691
191
42822
891
13203
12503
41834
394
5220
3359
21639
39819
37458
21439
9938
38409
106
49357
36198
1363
31368
20045
31324
20053
49053
10417
1013
42571
40206
30745
23133
1696
36702
52
42940
20359
2273
25839
40230
18523
11209
33899
161
15793
28211
38295
33082
32866
10604
13115
6893
20903
18411
9117
24135
35834
43229
893
9724
33372
39753
14511
37578
33197
1138
33323
508
419
34966
5460
1016
26023
10092
1836
297
33075
11813
1557
34299
5279
35248
38936
15863
19123
35757
17821
35678
553
1379
19367
14653
34504
44983
3089
1051
49520
34839
2471
17409
1257
32561
39652
17651
25241
2951
142
1172
20517
31733
32171
3375
9999
129
11491
5955
33889
3759
19391
35789
19023
13767
192
9925
181
36950
892
7705
345
1614
38302
31645
27387
38337
1915
39583
4163
11763
82
1367
1731
30902
49
6467
40083
9917
341
6633
32915
17269
35067
4415
31540
28299
33299
32947
14645
1506
39730
5597
41074
2030
48549
2398
29575
2981
13261
997
7748
9539
50330
334
42423
2142
12581
6948
29163
31665
24475
34514
99
18465
42668
36847
39689
36517
32566
44204
9355
44807
5074
218
40803
31552
37281
40602
31918
2006
42429
19669
886
1808
38086
1953
17157
46
10659
36915
38400
1813
23227
40842
33569
10075
39417
40434
24011
34543
18851
738
7367
15133
44087
8465
35629
40075
746
19191
34540
5152
37487
290
539
19653
1532
18495
31621
6046
7870
20745
350
667
41169
1212
30721
31973
1060
7411
20033
46420
34777
476
6165
417
51
40961
37341
12753
1366
6489
1218
39235
990
6064
24781
763
7580
38815
6645
5774
443
2175
5252
12695
24913
1253
17259
20543
34962
41530
32878
12069
37140
40064
4262
4618
3791
12929
984
596
91
6768
441
48438
23447
16239
12187
34209
25805
8624
20545
1668
22537
34792
8023
75
34368
789
822
49854
37958
1505
49893
40526
34389
36431
42847
807
10536
6896
10893
1824
48590
31121
22125
6624
2559
12671
5675
27411
4246
40489
41497
9618
741
44042
38807
30514
10308
4037
6951
21469
2148
2962
569
274
4038
35314
49310
22189
13587
10232
49889
10172
8410
47391
15609
50204
916
39567
9510
6973
32015
11359
4550
10187
38276
32214
42892
995
10336
33046
30375
36397
1347
302
650
38733
23325
43470
32547
1107
21573
474
37804
40934
22763
37598
36108
7768
30868
9963
1601
2112
3210
5984
18619
23279
22071
4447
35075
37975
6791
3328
15729
603
43555
16982
860
33190
19193
10740
1089
15005
39337
48675
39811
3654
24459
38528
33019
7334
38390
31980
7720
5041
18097
33519
664
95
10330
30464
8038
6098
3653
12119
87
1087
12367
3956
37924
47616
37996
23605
3352
1810
36259
415
3549
30355
819
24855
46118
11313
34823
33031
34338
24695
1017
17397
304
18745
33520
36466
11005
1681
9203
593
9055
35000
448
16680
27911
1469
38777
30311
2921
39921
242
32447
1913
29325
19109
33845
7805
13859
1110
24625
35251
41053
41379
563
670
7559
37154
34866
6904
36522
17115
45753
37601
34284
1034
2171
879
36275
7739
9751
30705
9014
24261
2386
16910
656
37936
20909
45425
48820
34534
41372
3616
1538
9332
173
26085
4793
25011
40080
3464
8422
20533
33970
4596
32212
1095
9063
21899
28607
31499
42568
11859
37206
34549
30056
5772
23319
10370
19211
50410
5178
4039
84
15061
49236
659
35997
49785
6867